# oST version 5.0 parameters


[image]

width
640

height
480

[narrow_stereo/left]

camera matrix
526.772994 0.000000 319.202842
0.000000 527.842331 240.523420
0.000000 0.000000 1.000000

distortion
-0.351587 0.138479 0.000009 0.001130 0.000000

rectification
0.999979 0.001909 0.006245
-0.001896 0.999996 -0.002178
-0.006249 0.002167 0.999978

projection
487.752881 0.000000 310.415924 0.000000
0.000000 487.752881 242.271248 0.000000
0.000000 0.000000 1.000000 0.000000

# oST version 5.0 parameters


[image]

width
640

height
480

[narrow_stereo/right]

camera matrix
525.110541 0.000000 309.797514
0.000000 526.217328 243.145878
0.000000 0.000000 1.000000

distortion
-0.350177 0.141549 0.000481 0.000162 0.000000

rectification
0.999974 -0.003935 0.006044
0.003922 0.999990 0.002184
-0.006052 -0.002161 0.999979

projection
487.752881 0.000000 310.415924 -58.441959
0.000000 487.752881 242.271248 0.000000
0.000000 0.000000 1.000000 0.000000

